                            OLS Regression Results                            
==============================================================================
Dep. Variable:                  class   R-squared:                       0.202
Model:                            OLS   Adj. R-squared:                  0.199
Method:                 Least Squares   F-statistic:                     72.18
Date:                Wed, 06 Jan 2021   Prob (F-statistic):               0.00
Time:                        19:56:04   Log-Likelihood:                -4434.6
No. Observations:               46044   AIC:                             9193.
Df Residuals:                   45882   BIC:                         1.061e+04
Df Model:                         161                                         
Covariance Type:            nonrobust                                         
==============================================================================
                 coef    std err          t      P>|t|      [0.025      0.975]
------------------------------------------------------------------------------
const          1.1091      0.279      3.980      0.000       0.563       1.655
0             -0.1919      0.048     -3.980      0.000      -0.286      -0.097
1             -0.0052      0.001     -3.870      0.000      -0.008      -0.003
2             -0.0066      0.002     -3.129      0.002      -0.011      -0.002
3             -0.2173      0.055     -3.981      0.000      -0.324      -0.110
4             -0.0926      0.024     -3.934      0.000      -0.139      -0.046
5              0.0161      0.007      2.241      0.025       0.002       0.030
6             -0.0011      0.003     -0.325      0.745      -0.008       0.006
7              0.1083      0.153      0.707      0.480      -0.192       0.409
8             -0.0659      0.028     -2.352      0.019      -0.121      -0.011
9              0.0079      0.009      0.852      0.394      -0.010       0.026
10            -0.0994      0.136     -0.731      0.465      -0.366       0.167
11             0.0069      0.004      1.593      0.111      -0.002       0.015
12            -0.0109      0.004     -2.510      0.012      -0.019      -0.002
13            -0.1916      1.473     -0.130      0.897      -3.079       2.696
14             0.0106      0.240      0.044      0.965      -0.460       0.481
15             0.0125      0.007      1.733      0.083      -0.002       0.027
16         -9.397e-05      0.026     -0.004      0.997      -0.050       0.050
17             0.0716      0.049      1.472      0.141      -0.024       0.167
18            -0.1100      0.038     -2.878      0.004      -0.185      -0.035
19             0.0080      0.011      0.700      0.484      -0.014       0.031
20             0.0026      0.012      0.226      0.821      -0.020       0.025
21           -22.1429     47.476     -0.466      0.641    -115.196      70.910
22           -24.3354     46.232     -0.526      0.599    -114.950      66.279
23            -8.1017     11.340     -0.714      0.475     -30.328      14.124
24            -0.0002      0.007     -0.026      0.979      -0.013       0.013
25            -0.2185      0.105     -2.089      0.037      -0.423      -0.014
26             0.2283      0.102      2.229      0.026       0.028       0.429
27            22.1416     47.468      0.466      0.641     -70.897     115.181
28            24.3370     46.229      0.526      0.599     -66.272     114.946
29             8.1026     11.340      0.715      0.475     -14.124      30.329
30            -0.0002      0.007     -0.025      0.980      -0.013       0.013
31             0.2238      0.105      2.139      0.032       0.019       0.429
32            -0.2214      0.102     -2.161      0.031      -0.422      -0.021
33             0.0211      0.078      0.272      0.786      -0.131       0.174
34             0.0184      0.025      0.730      0.465      -0.031       0.068
35             0.0026      0.008      0.328      0.743      -0.013       0.018
36            -0.0157      0.069     -0.225      0.822      -0.152       0.121
37             0.0034      0.006      0.606      0.544      -0.008       0.014
38            -0.0046      0.006     -0.816      0.415      -0.016       0.006
39             0.0077      0.019      0.406      0.685      -0.029       0.045
40            -0.0256      0.049     -0.524      0.600      -0.122       0.070
41            -0.0012      0.010     -0.125      0.900      -0.020       0.018
42             0.0384      0.037      1.041      0.298      -0.034       0.111
43             0.0027      0.011      0.237      0.813      -0.019       0.025
44             0.0037      0.011      0.328      0.743      -0.018       0.025
45             0.0424      0.042      0.999      0.318      -0.041       0.125
46             0.0309      0.060      0.512      0.608      -0.087       0.149
47             0.0122      0.010      1.273      0.203      -0.007       0.031
48            -0.0899      0.049     -1.849      0.065      -0.185       0.005
49            -0.0018      0.011     -0.158      0.874      -0.024       0.020
50            -0.0006      0.011     -0.054      0.957      -0.023       0.021
51            -0.0576      0.008     -7.067      0.000      -0.074      -0.042
52            -0.0143      0.006     -2.464      0.014      -0.026      -0.003
53            -0.0221      0.003     -6.712      0.000      -0.029      -0.016
54             0.0331      0.009      3.753      0.000       0.016       0.050
55            -0.0051      0.005     -1.089      0.276      -0.014       0.004
56            -0.0056      0.005     -1.187      0.235      -0.015       0.004
57             0.0470     15.018      0.003      0.998     -29.389      29.483
58            -3.9740     17.903     -0.222      0.824     -39.063      31.115
59            -1.9969     54.578     -0.037      0.971    -108.971     104.977
60             0.0088      0.017      0.513      0.608      -0.025       0.043
61            -0.0247      0.084     -0.294      0.769      -0.190       0.140
62             0.0866      0.083      1.040      0.298      -0.077       0.250
63            -0.0546     15.017     -0.004      0.997     -29.487      29.378
64             3.9890     17.905      0.223      0.824     -31.104      39.082
65             1.9679     54.584      0.036      0.971    -105.017     108.953
66             0.0088      0.017      0.514      0.608      -0.025       0.043
67             0.0326      0.084      0.387      0.699      -0.133       0.198
68            -0.0900      0.083     -1.082      0.279      -0.253       0.073
69             0.0035      0.005      0.722      0.470      -0.006       0.013
70            -0.0094      0.016     -0.583      0.560      -0.041       0.022
71             0.0420      0.056      0.745      0.457      -0.069       0.153
72            -0.0277      0.037     -0.757      0.449      -0.099       0.044
73             0.0035      0.013      0.260      0.795      -0.023       0.030
74            -0.0146      0.013     -1.099      0.272      -0.041       0.011
75            -0.1255      0.026     -4.868      0.000      -0.176      -0.075
76             0.0787      0.049      1.605      0.108      -0.017       0.175
77            -0.1406      0.121     -1.162      0.245      -0.378       0.097
78             0.0759      0.090      0.839      0.402      -0.101       0.253
79            -0.0643      0.024     -2.693      0.007      -0.111      -0.018
80            -0.0408      0.024     -1.700      0.089      -0.088       0.006
81             0.0816      0.018      4.452      0.000       0.046       0.118
82            -0.0797      0.047     -1.685      0.092      -0.172       0.013
83             0.1658      0.125      1.322      0.186      -0.080       0.412
84            -0.1118      0.093     -1.197      0.231      -0.295       0.071
85             0.0594      0.024      2.481      0.013       0.012       0.106
86             0.0429      0.024      1.784      0.074      -0.004       0.090
87            -0.0067      0.007     -1.008      0.314      -0.020       0.006
88             0.0331      0.007      4.556      0.000       0.019       0.047
89            -0.0560      0.009     -6.272      0.000      -0.073      -0.038
90             0.0031      0.010      0.317      0.751      -0.016       0.022
91             0.0514      0.014      3.789      0.000       0.025       0.078
92            -0.0366      0.014     -2.684      0.007      -0.063      -0.010
93             0.0453      0.017      2.642      0.008       0.012       0.079
94            -0.0004      0.003     -0.141      0.888      -0.007       0.006
95             0.0065      0.004      1.462      0.144      -0.002       0.015
96            -0.0530      0.016     -3.341      0.001      -0.084      -0.022
97             0.0045      0.004      1.130      0.258      -0.003       0.012
98            -0.0035      0.004     -0.866      0.386      -0.011       0.004
99            -0.0006      0.017     -0.034      0.972      -0.034       0.033
100            0.0746      0.054      1.374      0.170      -0.032       0.181
101            0.0021      0.004      0.602      0.547      -0.005       0.009
102            0.0059      0.044      0.136      0.892      -0.079       0.091
103            0.0078      0.006      1.213      0.225      -0.005       0.020
104           -0.0011      0.006     -0.171      0.864      -0.014       0.012
105           -0.0112      0.007     -1.611      0.107      -0.025       0.002
106            0.0122      0.004      3.173      0.002       0.005       0.020
107           -0.0053      0.003     -1.703      0.089      -0.011       0.001
108           -0.0123      0.006     -1.973      0.048      -0.025   -8.23e-05
109           -0.0084      0.005     -1.843      0.065      -0.017       0.001
110            0.0069      0.005      1.524      0.128      -0.002       0.016
111            0.0170      0.007      2.511      0.012       0.004       0.030
112           -0.0852      0.008    -10.437      0.000      -0.101      -0.069
113            0.0026      0.003      0.784      0.433      -0.004       0.009
114            0.0615      0.008      7.759      0.000       0.046       0.077
115            0.0032      0.010      0.324      0.746      -0.016       0.022
116           -0.0036      0.010     -0.370      0.712      -0.023       0.016
117            0.0092      0.009      1.001      0.317      -0.009       0.027
118           -0.0034      0.003     -1.297      0.195      -0.009       0.002
119            0.0019      0.004      0.467      0.640      -0.006       0.010
120           -0.0136      0.009     -1.508      0.132      -0.031       0.004
121            0.0015      0.006      0.234      0.815      -0.011       0.014
122           -0.0031      0.006     -0.486      0.627      -0.015       0.009
123           -0.0081      0.004     -1.934      0.053      -0.016       0.000
124           -0.0018      0.003     -0.525      0.600      -0.008       0.005
125           -0.0003      0.003     -0.087      0.931      -0.006       0.006
126            0.0043      0.004      0.962      0.336      -0.004       0.013
127            0.0038      0.005      0.822      0.411      -0.005       0.013
128           -0.0013      0.005     -0.271      0.787      -0.010       0.008
129            0.0177      0.008      2.214      0.027       0.002       0.033
130           -0.0019      0.006     -0.329      0.742      -0.013       0.009
131            0.0105      0.018      0.568      0.570      -0.026       0.047
132           -0.0100      0.016     -0.619      0.536      -0.042       0.022
133           -0.0131      0.012     -1.113      0.266      -0.036       0.010
134            0.0133      0.012      1.125      0.261      -0.010       0.036
135           -0.0739      0.039     -1.880      0.060      -0.151       0.003
136            0.0449      0.011      4.094      0.000       0.023       0.066
137           -0.0416      0.010     -4.081      0.000      -0.062      -0.022
138            0.0153      0.035      0.434      0.665      -0.054       0.084
139            0.0236      0.011      2.083      0.037       0.001       0.046
140           -0.0430      0.011     -3.781      0.000      -0.065      -0.021
141            0.0464      0.006      7.232      0.000       0.034       0.059
142            0.0175      0.004      4.158      0.000       0.009       0.026
143           -0.0420      0.009     -4.821      0.000      -0.059      -0.025
144            0.0187      0.009      2.048      0.041       0.001       0.037
145            0.0174      0.014      1.246      0.213      -0.010       0.045
146           -0.0183      0.014     -1.319      0.187      -0.046       0.009
147            0.0637      0.008      8.356      0.000       0.049       0.079
148           -0.1134      0.011    -10.412      0.000      -0.135      -0.092
149            0.0431      0.007      6.399      0.000       0.030       0.056
150            0.0476      0.011      4.528      0.000       0.027       0.068
151           -0.0439      0.030     -1.456      0.145      -0.103       0.015
152            0.0342      0.030      1.133      0.257      -0.025       0.093
153            0.0342      0.004      9.270      0.000       0.027       0.041
154            0.0076      0.006      1.192      0.233      -0.005       0.020
155            0.0144      0.007      2.035      0.042       0.001       0.028
156           -0.0388      0.006     -6.468      0.000      -0.051      -0.027
157           -0.0198      0.015     -1.348      0.178      -0.049       0.009
158            0.0046      0.015      0.310      0.757      -0.024       0.033
159            0.0098      0.005      2.053      0.040       0.000       0.019
160           -0.0029      0.003     -0.953      0.341      -0.009       0.003
161            0.0160      0.005      3.191      0.001       0.006       0.026
162           -0.0312      0.005     -6.227      0.000      -0.041      -0.021
163           -0.0081      0.013     -0.635      0.525      -0.033       0.017
164           -0.0002      0.013     -0.014      0.989      -0.025       0.025
165         1.493e-11   3.35e-12      4.456      0.000    8.36e-12    2.15e-11
166        -6.657e-06   2.01e-05     -0.331      0.741   -4.61e-05    3.28e-05
167            0.0058      0.030      0.194      0.846      -0.052       0.064
168            0.0155      0.004      3.732      0.000       0.007       0.024
169         1.447e-06   5.07e-06      0.286      0.775   -8.48e-06    1.14e-05
170        -2.405e-06   6.23e-07     -3.862      0.000   -3.63e-06   -1.18e-06
==============================================================================
Omnibus:                    15955.053   Durbin-Watson:                   1.710
Prob(Omnibus):                  0.000   Jarque-Bera (JB):            46612.427
Skew:                           1.858   Prob(JB):                         0.00
Kurtosis:                       6.238   Cond. No.                     1.02e+16
==============================================================================

Notes:
[1] Standard Errors assume that the covariance matrix of the errors is correctly specified.
[2] The condition number is large, 1.02e+16. This might indicate that there are
strong multicollinearity or other numerical problems.