                            OLS Regression Results                            
==============================================================================
Dep. Variable:                  class   R-squared:                       0.247
Model:                            OLS   Adj. R-squared:                  0.243
Method:                 Least Squares   F-statistic:                     63.79
Date:                Mon, 18 Jan 2021   Prob (F-statistic):               0.00
Time:                        00:32:32   Log-Likelihood:                -4158.4
No. Observations:               32230   AIC:                             8649.
Df Residuals:                   32064   BIC:                         1.004e+04
Df Model:                         165                                         
Covariance Type:            nonrobust                                         
==============================================================================
                 coef    std err          t      P>|t|      [0.025      0.975]
------------------------------------------------------------------------------
const          0.1136      0.002     73.864      0.000       0.111       0.117
x1            -0.0137      0.000    -41.861      0.000      -0.014      -0.013
x2             0.0039      0.000      8.016      0.000       0.003       0.005
x3            -0.0063      0.001    -12.210      0.000      -0.007      -0.005
x4             0.0026      0.001      4.757      0.000       0.002       0.004
x5             0.0018      0.001      3.058      0.002       0.001       0.003
x6            -0.0147      0.001    -23.651      0.000      -0.016      -0.013
x7            -0.0082      0.001    -12.704      0.000      -0.009      -0.007
x8            -0.0028      0.001     -3.988      0.000      -0.004      -0.001
x9            -0.0016      0.001     -2.199      0.028      -0.003      -0.000
x10            0.0128      0.001     17.633      0.000       0.011       0.014
x11            0.0113      0.001     15.066      0.000       0.010       0.013
x12            0.0033      0.001      4.277      0.000       0.002       0.005
x13           -0.0067      0.001     -8.433      0.000      -0.008      -0.005
x14           -0.0174      0.001    -21.356      0.000      -0.019      -0.016
x15           -0.0127      0.001    -15.434      0.000      -0.014      -0.011
x16           -0.0014      0.001     -1.665      0.096      -0.003       0.000
x17           -0.0113      0.001    -13.133      0.000      -0.013      -0.010
x18            0.0028      0.001      3.234      0.001       0.001       0.005
x19            0.0134      0.001     14.870      0.000       0.012       0.015
x20           -0.0105      0.001    -11.072      0.000      -0.012      -0.009
x21           -0.0074      0.001     -7.692      0.000      -0.009      -0.006
x22            0.0139      0.001     14.186      0.000       0.012       0.016
x23            0.0296      0.001     28.959      0.000       0.028       0.032
x24           -0.0362      0.001    -34.955      0.000      -0.038      -0.034
x25            0.0037      0.001      3.440      0.001       0.002       0.006
x26            0.0139      0.001     12.660      0.000       0.012       0.016
x27            0.0091      0.001      8.032      0.000       0.007       0.011
x28            0.0109      0.001      9.237      0.000       0.009       0.013
x29           -0.0180      0.001    -14.888      0.000      -0.020      -0.016
x30            0.0029      0.001      2.358      0.018       0.000       0.005
x31           -0.0009      0.001     -0.692      0.489      -0.003       0.002
x32           -0.0091      0.001     -7.101      0.000      -0.012      -0.007
x33           -0.0222      0.001    -17.259      0.000      -0.025      -0.020
x34           -0.0105      0.001     -7.945      0.000      -0.013      -0.008
x35           -0.0120      0.001     -9.024      0.000      -0.015      -0.009
x36            0.0085      0.001      6.251      0.000       0.006       0.011
x37           -0.0180      0.001    -13.073      0.000      -0.021      -0.015
x38            0.0003      0.001      0.223      0.823      -0.003       0.003
x39           -0.0077      0.001     -5.324      0.000      -0.011      -0.005
x40            0.0066      0.001      4.506      0.000       0.004       0.009
x41            0.0040      0.001      2.706      0.007       0.001       0.007
x42           -0.0178      0.002    -11.842      0.000      -0.021      -0.015
x43            0.0183      0.002     12.139      0.000       0.015       0.021
x44           -0.0093      0.002     -5.986      0.000      -0.012      -0.006
x45            0.0004      0.002      0.228      0.820      -0.003       0.003
x46            0.0152      0.002      9.591      0.000       0.012       0.018
x47           -0.0214      0.002    -13.192      0.000      -0.025      -0.018
x48           -0.0039      0.002     -2.349      0.019      -0.007      -0.001
x49            0.0085      0.002      5.060      0.000       0.005       0.012
x50           -0.0001      0.002     -0.069      0.945      -0.003       0.003
x51           -0.0004      0.002     -0.254      0.799      -0.004       0.003
x52        -7.098e-05      0.002     -0.040      0.968      -0.004       0.003
x53           -0.0218      0.002    -12.206      0.000      -0.025      -0.018
x54            0.0045      0.002      2.469      0.014       0.001       0.008
x55            0.0225      0.002     11.818      0.000       0.019       0.026
x56            0.0040      0.002      2.099      0.036       0.000       0.008
x57            0.0065      0.002      3.331      0.001       0.003       0.010
x58           -0.0135      0.002     -6.808      0.000      -0.017      -0.010
x59           -0.0064      0.002     -3.180      0.001      -0.010      -0.002
x60           -0.0010      0.002     -0.476      0.634      -0.005       0.003
x61           -0.0023      0.002     -1.034      0.301      -0.007       0.002
x62            0.0105      0.002      4.431      0.000       0.006       0.015
x63            0.0160      0.002      6.625      0.000       0.011       0.021
x64            0.0244      0.002      9.776      0.000       0.020       0.029
x65           -0.0165      0.003     -6.430      0.000      -0.021      -0.011
x66            0.0042      0.003      1.559      0.119      -0.001       0.009
x67            0.0029      0.003      1.059      0.290      -0.002       0.008
x68            0.0424      0.003     14.723      0.000       0.037       0.048
x69           -0.0143      0.003     -4.879      0.000      -0.020      -0.009
x70            0.0076      0.003      2.487      0.013       0.002       0.014
x71            0.0337      0.003     10.612      0.000       0.027       0.040
x72           -0.0188      0.003     -5.571      0.000      -0.025      -0.012
x73            0.0003      0.004      0.064      0.949      -0.008       0.008
x74           -0.0186      0.004     -4.379      0.000      -0.027      -0.010
x75            0.0139      0.005      3.086      0.002       0.005       0.023
x76           -0.0079      0.005     -1.566      0.117      -0.018       0.002
x77           -0.0031      0.005     -0.576      0.565      -0.014       0.007
x78            0.0003      0.006      0.055      0.956      -0.011       0.012
x79            0.0011      0.006      0.183      0.854      -0.011       0.013
x80            0.0360      0.006      5.986      0.000       0.024       0.048
x81           -0.0225      0.007     -3.438      0.001      -0.035      -0.010
x82           -0.0277      0.007     -3.849      0.000      -0.042      -0.014
x83            0.0354      0.007      4.831      0.000       0.021       0.050
x84           -0.1028      0.008    -12.936      0.000      -0.118      -0.087
x85            0.0487      0.008      6.103      0.000       0.033       0.064
x86           -0.0091      0.008     -1.086      0.278      -0.025       0.007
x87            0.0137      0.009      1.537      0.124      -0.004       0.031
x88            0.0116      0.009      1.264      0.206      -0.006       0.030
x89           -0.0264      0.010     -2.749      0.006      -0.045      -0.008
x90            0.0013      0.010      0.130      0.897      -0.018       0.021
x91            0.0106      0.010      1.042      0.298      -0.009       0.031
x92            0.0079      0.011      0.720      0.472      -0.014       0.029
x93            0.0170      0.011      1.539      0.124      -0.005       0.039
x94            0.0072      0.011      0.637      0.524      -0.015       0.030
x95           -0.0288      0.011     -2.507      0.012      -0.051      -0.006
x96           -0.0583      0.012     -5.035      0.000      -0.081      -0.036
x97            0.0179      0.012      1.511      0.131      -0.005       0.041
x98            0.0018      0.012      0.147      0.883      -0.022       0.025
x99            0.0281      0.012      2.285      0.022       0.004       0.052
x100           0.0116      0.013      0.917      0.359      -0.013       0.036
x101           0.0033      0.013      0.257      0.797      -0.022       0.029
x102           0.0025      0.013      0.185      0.853      -0.024       0.028
x103          -0.0111      0.014     -0.815      0.415      -0.038       0.016
x104           0.1003      0.014      7.317      0.000       0.073       0.127
x105           0.0012      0.015      0.086      0.932      -0.027       0.030
x106          -0.0643      0.015     -4.301      0.000      -0.094      -0.035
x107           0.0006      0.015      0.039      0.969      -0.029       0.031
x108           0.0030      0.016      0.191      0.849      -0.028       0.034
x109           0.0448      0.016      2.857      0.004       0.014       0.076
x110           0.0701      0.016      4.439      0.000       0.039       0.101
x111           0.0192      0.017      1.143      0.253      -0.014       0.052
x112          -0.0909      0.018     -5.192      0.000      -0.125      -0.057
x113          -0.0133      0.018     -0.731      0.465      -0.049       0.022
x114           0.0675      0.018      3.656      0.000       0.031       0.104
x115           0.0846      0.019      4.537      0.000       0.048       0.121
x116           0.0015      0.019      0.079      0.937      -0.036       0.038
x117           0.1053      0.019      5.468      0.000       0.068       0.143
x118          -0.0654      0.019     -3.371      0.001      -0.103      -0.027
x119          -0.1062      0.020     -5.438      0.000      -0.144      -0.068
x120          -0.0080      0.020     -0.392      0.695      -0.048       0.032
x121          -0.0093      0.021     -0.448      0.654      -0.050       0.031
x122          -0.0958      0.021     -4.521      0.000      -0.137      -0.054
x123           0.0138      0.022      0.639      0.523      -0.029       0.056
x124          -0.0877      0.022     -4.017      0.000      -0.131      -0.045
x125           0.0234      0.022      1.057      0.291      -0.020       0.067
x126           0.0268      0.022      1.194      0.233      -0.017       0.071
x127          -0.0907      0.023     -3.964      0.000      -0.136      -0.046
x128           0.0237      0.023      1.009      0.313      -0.022       0.070
x129          -0.0039      0.024     -0.158      0.875      -0.052       0.044
x130           0.0237      0.025      0.944      0.345      -0.026       0.073
x131           0.0678      0.026      2.613      0.009       0.017       0.119
x132          -0.0139      0.028     -0.504      0.614      -0.068       0.040
x133           0.0329      0.028      1.171      0.241      -0.022       0.088
x134          -0.0973      0.028     -3.440      0.001      -0.153      -0.042
x135          -0.0024      0.029     -0.083      0.933      -0.058       0.054
x136           0.0054      0.031      0.172      0.864      -0.056       0.066
x137           0.0104      0.036      0.289      0.773      -0.060       0.081
x138           0.0130      0.040      0.322      0.747      -0.066       0.092
x139          -0.0231      0.044     -0.529      0.597      -0.109       0.063
x140          -0.0690      0.044     -1.558      0.119      -0.156       0.018
x141          -0.0955      0.046     -2.094      0.036      -0.185      -0.006
x142           0.0300      0.048      0.628      0.530      -0.064       0.124
x143           0.1232      0.051      2.394      0.017       0.022       0.224
x144           0.0511      0.053      0.959      0.337      -0.053       0.156
x145           0.0484      0.058      0.829      0.407      -0.066       0.163
x146          -0.0176      0.064     -0.274      0.784      -0.143       0.108
x147           0.1208      0.075      1.605      0.108      -0.027       0.268
x148          -0.0253      0.088     -0.289      0.773      -0.197       0.147
x149          -0.1761      0.100     -1.755      0.079      -0.373       0.021
x150          -0.0810      0.118     -0.684      0.494      -0.313       0.151
x151          -0.0080      0.165     -0.048      0.961      -0.332       0.316
x152           0.1166      0.188      0.620      0.535      -0.252       0.485
x153           0.1786      0.205      0.870      0.384      -0.224       0.581
x154          -0.1993      0.215     -0.925      0.355      -0.621       0.223
x155           0.1690      0.245      0.691      0.490      -0.311       0.649
x156          -0.6549      0.331     -1.980      0.048      -1.303      -0.006
x157           0.1312      0.443      0.296      0.767      -0.737       1.000
x158          -0.1013      0.505     -0.200      0.841      -1.091       0.889
x159           9.8369      8.058      1.221      0.222      -5.957      25.630
x160           5.0025     13.181      0.380      0.704     -20.832      30.837
x161         -22.2650     43.279     -0.514      0.607    -107.094      62.564
x162         -43.8220     46.566     -0.941      0.347    -135.094      47.450
x163          20.9626    222.509      0.094      0.925    -415.164     457.089
x164         -12.9916    233.933     -0.056      0.956    -471.509     445.526
x165         395.0666    614.098      0.643      0.520    -808.588    1598.721
x166       -9.607e-09   1.53e-08     -0.629      0.529   -3.95e-08    2.03e-08
x167        5.392e-09   8.55e-09      0.631      0.528   -1.14e-08    2.21e-08
x168       -3.563e-09   6.01e-09     -0.592      0.554   -1.53e-08    8.22e-09
x169        1.251e-08   1.96e-08      0.638      0.523   -2.59e-08    5.09e-08
x170       -1.195e-09   2.03e-09     -0.588      0.556   -5.18e-09    2.79e-09
==============================================================================
Omnibus:                     7931.645   Durbin-Watson:                   1.734
Prob(Omnibus):                  0.000   Jarque-Bera (JB):            16386.652
Skew:                           1.469   Prob(JB):                         0.00
Kurtosis:                       4.889   Cond. No.                     1.51e+16
==============================================================================

Notes:
[1] Standard Errors assume that the covariance matrix of the errors is correctly specified.
[2] The smallest eigenvalue is 3.13e-27. This might indicate that there are
strong multicollinearity problems or that the design matrix is singular.