                            OLS Regression Results                            
==============================================================================
Dep. Variable:                  class   R-squared:                       0.246
Model:                            OLS   Adj. R-squared:                  0.242
Method:                 Least Squares   F-statistic:                     64.79
Date:                Mon, 18 Jan 2021   Prob (F-statistic):               0.00
Time:                        11:35:19   Log-Likelihood:                -4100.7
No. Observations:               32594   AIC:                             8529.
Df Residuals:                   32430   BIC:                             9906.
Df Model:                         163                                         
Covariance Type:            nonrobust                                         
==============================================================================
                 coef    std err          t      P>|t|      [0.025      0.975]
------------------------------------------------------------------------------
const          0.2105      0.003     60.647      0.000       0.204       0.217
0              0.0769      0.031      2.474      0.013       0.016       0.138
1              0.0021      0.003      0.607      0.544      -0.005       0.009
2             -0.0275      0.003    -10.752      0.000      -0.033      -0.023
3             -0.0004      0.009     -0.043      0.966      -0.019       0.018
4              1.6861      6.149      0.274      0.784     -10.366      13.739
5              0.0026      0.009      0.283      0.777      -0.015       0.021
6             -0.0073      0.004     -1.633      0.102      -0.016       0.001
7              0.1382      0.254      0.544      0.586      -0.360       0.636
8             -0.0822      0.050     -1.636      0.102      -0.181       0.016
9              0.0090      0.016      0.567      0.571      -0.022       0.040
10            -0.1402      0.221     -0.634      0.526      -0.574       0.293
11             0.0056      0.005      1.034      0.301      -0.005       0.016
12            -0.0107      0.005     -1.967      0.049      -0.021   -3.73e-05
13            -1.6527      6.029     -0.274      0.784     -13.470      10.165
14            -0.1047      0.797     -0.131      0.896      -1.668       1.458
15            -0.0165      0.015     -1.091      0.275      -0.046       0.013
16             0.0471      0.045      1.051      0.293      -0.041       0.135
17            -0.1110      0.104     -1.070      0.284      -0.314       0.092
18             0.0109      0.080      0.136      0.892      -0.146       0.168
19             0.0044      0.014      0.315      0.753      -0.023       0.032
20             0.0074      0.014      0.522      0.601      -0.020       0.035
21            72.9284    126.970      0.574      0.566    -175.937     321.794
22           -95.8578    149.506     -0.641      0.521    -388.896     197.180
23            60.9518    116.568      0.523      0.601    -167.526     289.429
24             0.0003      0.007      0.042      0.967      -0.014       0.014
25            -0.2315      0.120     -1.932      0.053      -0.466       0.003
26             0.2458      0.118      2.087      0.037       0.015       0.477
27           -72.9193    126.950     -0.574      0.566    -321.747     175.908
28            95.8622    149.496      0.641      0.521    -197.156     388.880
29           -60.9572    116.568     -0.523      0.601    -289.435     167.520
30             0.0002      0.007      0.031      0.975      -0.014       0.014
31             0.2359      0.120      1.967      0.049       0.001       0.471
32            -0.2357      0.118     -2.001      0.045      -0.467      -0.005
33            -0.1929      0.201     -0.958      0.338      -0.588       0.202
34             0.0563      0.081      0.696      0.486      -0.102       0.215
35            -0.0194      0.026     -0.749      0.454      -0.070       0.031
36             0.1216      0.166      0.732      0.464      -0.204       0.447
37             0.0065      0.007      0.956      0.339      -0.007       0.020
38            -0.0081      0.007     -1.192      0.233      -0.021       0.005
39            -0.0136      0.022     -0.603      0.546      -0.058       0.031
40            -0.0023      0.057     -0.039      0.969      -0.115       0.110
41            -0.0087      0.011     -0.765      0.444      -0.031       0.014
42             0.0277      0.043      0.647      0.517      -0.056       0.112
43            -0.0033      0.013     -0.260      0.795      -0.028       0.021
44             0.0082      0.013      0.655      0.513      -0.016       0.033
45             0.0909      0.058      1.570      0.116      -0.023       0.204
46            -0.0248      0.072     -0.346      0.730      -0.165       0.116
47             0.0268      0.012      2.190      0.029       0.003       0.051
48            -0.0734      0.057     -1.295      0.195      -0.185       0.038
49             0.0064      0.013      0.505      0.614      -0.019       0.031
50            -0.0076      0.013     -0.596      0.551      -0.032       0.017
51            -0.0566      0.009     -6.035      0.000      -0.075      -0.038
52            -0.0149      0.007     -2.080      0.038      -0.029      -0.001
53            -0.0251      0.004     -6.343      0.000      -0.033      -0.017
54             0.0273      0.010      2.687      0.007       0.007       0.047
55            -0.0003      0.006     -0.046      0.963      -0.011       0.011
56            -0.0103      0.006     -1.802      0.072      -0.022       0.001
57             2.1277     21.063      0.101      0.920     -39.157      43.413
58           -12.8340     28.152     -0.456      0.648     -68.013      42.345
59             1.0675     76.719      0.014      0.989    -149.305     151.440
60            -0.0271      0.029     -0.949      0.343      -0.083       0.029
61            -0.0544      0.113     -0.480      0.631      -0.276       0.168
62             0.1489      0.111      1.346      0.178      -0.068       0.366
63            -2.1150     21.060     -0.100      0.920     -43.394      39.164
64            12.8465     28.154      0.456      0.648     -42.336      68.029
65            -1.0270     76.724     -0.013      0.989    -151.409     149.355
66            -0.0270      0.029     -0.946      0.344      -0.083       0.029
67             0.0568      0.113      0.503      0.615      -0.165       0.278
68            -0.1365      0.110     -1.237      0.216      -0.353       0.080
69             0.0113      0.009      1.214      0.225      -0.007       0.030
70            -0.0314      0.030     -1.048      0.295      -0.090       0.027
71             0.1239      0.107      1.154      0.249      -0.087       0.334
72            -0.0831      0.075     -1.110      0.267      -0.230       0.064
73            -0.0167      0.018     -0.935      0.350      -0.052       0.018
74             0.0048      0.018      0.268      0.789      -0.030       0.040
75            -0.0907      0.035     -2.622      0.009      -0.158      -0.023
76            -0.0725      0.145     -0.499      0.618      -0.357       0.212
77             0.0396      0.194      0.204      0.838      -0.341       0.420
78             0.0470      0.115      0.407      0.684      -0.179       0.273
79            -0.0257      0.030     -0.864      0.388      -0.084       0.033
80            -0.1081      0.030     -3.586      0.000      -0.167      -0.049
81             0.0531      0.024      2.220      0.026       0.006       0.100
82             0.0631      0.138      0.459      0.647      -0.207       0.333
83            -0.0392      0.191     -0.206      0.837      -0.414       0.335
84            -0.0521      0.117     -0.447      0.655      -0.281       0.176
85             0.0317      0.030      1.068      0.285      -0.026       0.090
86             0.0898      0.030      2.987      0.003       0.031       0.149
87            -0.0198      0.008     -2.337      0.019      -0.036      -0.003
88             0.0432      0.009      4.717      0.000       0.025       0.061
89            -0.0745      0.011     -6.581      0.000      -0.097      -0.052
90             0.0091      0.013      0.725      0.468      -0.015       0.034
91             0.0502      0.017      3.010      0.003       0.017       0.083
92            -0.0309      0.017     -1.848      0.065      -0.064       0.002
93             0.0534      0.024      2.203      0.028       0.006       0.101
94            -0.0078      0.006     -1.229      0.219      -0.020       0.005
95             0.0086      0.007      1.257      0.209      -0.005       0.022
96            -0.0559      0.022     -2.596      0.009      -0.098      -0.014
97             0.0051      0.005      1.050      0.294      -0.004       0.015
98            -0.0039      0.005     -0.797      0.425      -0.014       0.006
99            -0.0299      0.019     -1.544      0.123      -0.068       0.008
100            0.0567      0.052      1.093      0.274      -0.045       0.158
101           -0.0009      0.004     -0.227      0.820      -0.009       0.007
102            0.0133      0.045      0.295      0.768      -0.075       0.102
103           -0.0014      0.008     -0.186      0.852      -0.017       0.014
104            0.0077      0.008      0.984      0.325      -0.008       0.023
105           -0.0132      0.014     -0.966      0.334      -0.040       0.014
106            0.0024      0.008      0.295      0.768      -0.014       0.018
107        -4.479e-05      0.007     -0.007      0.995      -0.013       0.013
108           -0.0255      0.012     -2.148      0.032      -0.049      -0.002
109           -0.0018      0.006     -0.305      0.760      -0.013       0.010
110            0.0011      0.006      0.181      0.856      -0.010       0.013
111            0.0565      0.009      6.418      0.000       0.039       0.074
112           -0.0801      0.010     -8.336      0.000      -0.099      -0.061
113            0.0087      0.004      2.179      0.029       0.001       0.017
114            0.0310      0.009      3.303      0.001       0.013       0.049
115            0.0052      0.012      0.430      0.667      -0.018       0.029
116           -0.0048      0.012     -0.403      0.687      -0.028       0.019
117           -0.0164      0.012     -1.408      0.159      -0.039       0.006
118            0.0028      0.003      0.817      0.414      -0.004       0.010
119           -0.0082      0.005     -1.515      0.130      -0.019       0.002
120            0.0012      0.011      0.103      0.918      -0.021       0.023
121            0.0062      0.008      0.762      0.446      -0.010       0.022
122           -0.0072      0.008     -0.884      0.377      -0.023       0.009
123           -0.0122      0.005     -2.397      0.017      -0.022      -0.002
124            0.0089      0.004      2.274      0.023       0.001       0.017
125           -0.0054      0.004     -1.434      0.152      -0.013       0.002
126            0.0031      0.005      0.580      0.562      -0.007       0.013
127            0.0049      0.006      0.869      0.385      -0.006       0.016
128           -0.0037      0.006     -0.643      0.521      -0.015       0.007
129            0.0202      0.010      2.011      0.044       0.001       0.040
130            0.0025      0.008      0.309      0.757      -0.013       0.018
131        -9.556e-05      0.024     -0.004      0.997      -0.046       0.046
132           -0.0014      0.020     -0.070      0.944      -0.041       0.038
133           -0.0175      0.014     -1.214      0.225      -0.046       0.011
134            0.0171      0.014      1.184      0.236      -0.011       0.045
135           -0.0462      0.043     -1.081      0.280      -0.130       0.038
136            0.0530      0.014      3.897      0.000       0.026       0.080
137           -0.0440      0.011     -3.866      0.000      -0.066      -0.022
138            0.0066      0.038      0.176      0.860      -0.067       0.080
139            0.0302      0.014      2.127      0.033       0.002       0.058
140           -0.0539      0.014     -3.780      0.000      -0.082      -0.026
141            0.0447      0.012      3.662      0.000       0.021       0.069
142            0.0077      0.010      0.777      0.437      -0.012       0.027
143           -0.0623      0.018     -3.485      0.000      -0.097      -0.027
144            0.0264      0.018      1.459      0.144      -0.009       0.062
145            0.0224      0.017      1.283      0.199      -0.012       0.057
146           -0.0246      0.017     -1.408      0.159      -0.059       0.010
147            0.1025      0.010     10.516      0.000       0.083       0.122
148           -0.1200      0.013     -9.310      0.000      -0.145      -0.095
149            0.0596      0.008      7.165      0.000       0.043       0.076
150            0.0203      0.013      1.621      0.105      -0.004       0.045
151           -0.0944      0.038     -2.486      0.013      -0.169      -0.020
152            0.0822      0.038      2.164      0.030       0.008       0.157
153            0.0180      0.004      4.316      0.000       0.010       0.026
154            0.0178      0.009      2.055      0.040       0.001       0.035
155            0.0092      0.009      1.070      0.285      -0.008       0.026
156           -0.0346      0.007     -4.979      0.000      -0.048      -0.021
157           -0.0306      0.018     -1.692      0.091      -0.066       0.005
158            0.0119      0.018      0.659      0.510      -0.023       0.047
159            0.0012      0.006      0.215      0.830      -0.010       0.012
160           -0.0008      0.003     -0.229      0.819      -0.007       0.006
161            0.0076      0.006      1.297      0.195      -0.004       0.019
162           -0.0181      0.006     -3.005      0.003      -0.030      -0.006
163           -0.0046      0.017     -0.266      0.790      -0.038       0.029
164           -0.0053      0.017     -0.307      0.759      -0.039       0.028
==============================================================================
Omnibus:                     8164.798   Durbin-Watson:                   1.732
Prob(Omnibus):                  0.000   Jarque-Bera (JB):            17124.211
Skew:                           1.486   Prob(JB):                         0.00
Kurtosis:                       4.943   Cond. No.                     1.16e+16
==============================================================================

Notes:
[1] Standard Errors assume that the covariance matrix of the errors is correctly specified.
[2] The smallest eigenvalue is 1.66e-26. This might indicate that there are
strong multicollinearity problems or that the design matrix is singular.