                           Logit Regression Results                           
==============================================================================
Dep. Variable:                  class   No. Observations:                32230
Model:                          Logit   Df Residuals:                    32064
Method:                           MLE   Df Model:                          165
Date:                Mon, 18 Jan 2021   Pseudo R-squ.:                  0.5371
Time:                        11:34:39   Log-Likelihood:                -5279.3
converged:                      False   LL-Null:                       -11406.
Covariance Type:            nonrobust   LLR p-value:                     0.000
==============================================================================
                 coef    std err          z      P>|z|      [0.025      0.975]
------------------------------------------------------------------------------
const        -10.0007      4.838     -2.067      0.039     -19.483      -0.519
x1            -1.4828      1.800     -0.824      0.410      -5.010       2.044
x2            -0.3383      7.827     -0.043      0.966     -15.680      15.003
x3            -2.3858     13.622     -0.175      0.861     -29.084      24.312
x4            -0.6432      2.855     -0.225      0.822      -6.238       4.952
x5            -0.2194      3.946     -0.056      0.956      -7.953       7.514
x6            -0.9874     11.538     -0.086      0.932     -23.602      21.627
x7            -0.2048      5.114     -0.040      0.968     -10.229       9.819
x8             0.2324     11.340      0.020      0.984     -21.993      22.458
x9            -0.0558      6.614     -0.008      0.993     -13.019      12.908
x10            2.4238     10.930      0.222      0.825     -18.999      23.846
x11           -0.1997      8.503     -0.023      0.981     -16.865      16.466
x12            0.5964      5.063      0.118      0.906      -9.327      10.519
x13           -0.1600      5.654     -0.028      0.977     -11.242      10.922
x14           -0.0215      4.339     -0.005      0.996      -8.525       8.482
x15           -0.4409      3.340     -0.132      0.895      -6.987       6.105
x16           -0.1501      3.999     -0.038      0.970      -7.988       7.688
x17           -0.9917      6.206     -0.160      0.873     -13.155      11.172
x18           -0.4393      1.776     -0.247      0.805      -3.921       3.042
x19           -0.4566      2.708     -0.169      0.866      -5.764       4.851
x20           -0.6219      2.431     -0.256      0.798      -5.386       4.142
x21           -0.3628      2.461     -0.147      0.883      -5.187       4.461
x22            0.4490      7.769      0.058      0.954     -14.778      15.676
x23           -0.0966      4.176     -0.023      0.982      -8.282       8.089
x24           -1.2359      2.538     -0.487      0.626      -6.210       3.738
x25           -0.2556      2.137     -0.120      0.905      -4.444       3.933
x26            0.3730      2.335      0.160      0.873      -4.203       4.949
x27           -1.2864      3.847     -0.334      0.738      -8.826       6.253
x28            0.6908      4.196      0.165      0.869      -7.533       8.914
x29           -1.3673      1.908     -0.716      0.474      -5.108       2.373
x30            0.0538      5.042      0.011      0.991      -9.829       9.936
x31            0.3132      2.925      0.107      0.915      -5.420       6.047
x32            0.2607      5.299      0.049      0.961     -10.126      10.647
x33           -0.6100      6.819     -0.089      0.929     -13.976      12.756
x34           -1.0727      3.572     -0.300      0.764      -8.073       5.927
x35            0.1336      7.489      0.018      0.986     -14.544      14.812
x36            0.0107      1.194      0.009      0.993      -2.330       2.352
x37           -0.2570      6.734     -0.038      0.970     -13.456      12.942
x38           -0.8106      1.881     -0.431      0.667      -4.498       2.877
x39           -0.3469      1.442     -0.241      0.810      -3.172       2.479
x40            0.5702      3.823      0.149      0.881      -6.923       8.064
x41            0.3623      3.201      0.113      0.910      -5.912       6.636
x42           -0.4489      4.001     -0.112      0.911      -8.290       7.392
x43            0.1179      2.097      0.056      0.955      -3.991       4.227
x44           -0.2916      1.648     -0.177      0.860      -3.523       2.939
x45           -0.0366      5.790     -0.006      0.995     -11.384      11.311
x46            0.2308      4.342      0.053      0.958      -8.280       8.741
x47           -0.8910      1.574     -0.566      0.571      -3.976       2.194
x48           -0.8073      3.669     -0.220      0.826      -7.999       6.385
x49            0.1262      2.805      0.045      0.964      -5.371       5.623
x50            0.1790      2.475      0.072      0.942      -4.671       5.029
x51            0.0611      1.380      0.044      0.965      -2.644       2.766
x52           -0.4630      8.030     -0.058      0.954     -16.202      15.276
x53           -0.8216      4.307     -0.191      0.849      -9.264       7.621
x54            0.0828     19.156      0.004      0.997     -37.463      37.628
x55            1.0147     10.127      0.100      0.920     -18.834      20.863
x56           -0.6372      2.847     -0.224      0.823      -6.218       4.943
x57            0.7684      7.779      0.099      0.921     -14.477      16.014
x58           -0.2164      2.163     -0.100      0.920      -4.456       4.023
x59            0.1890      5.549      0.034      0.973     -10.687      11.065
x60           -0.1429      1.100     -0.130      0.897      -2.299       2.013
x61           -0.4646      7.334     -0.063      0.949     -14.839      13.909
x62            0.8159     18.526      0.044      0.965     -35.494      37.126
x63            0.6818     29.080      0.023      0.981     -56.313      57.677
x64            0.6405      2.936      0.218      0.827      -5.114       6.395
x65           -0.9740     21.999     -0.044      0.965     -44.092      42.143
x66           -0.0725      6.874     -0.011      0.992     -13.545      13.401
x67            0.1271      9.603      0.013      0.989     -18.694      18.948
x68            0.6477     12.953      0.050      0.960     -24.740      26.035
x69           -0.0920      7.138     -0.013      0.990     -14.081      13.897
x70            0.1717     19.196      0.009      0.993     -37.452      37.795
x71            0.3713      9.791      0.038      0.970     -18.819      19.562
x72           -0.4859      6.195     -0.078      0.937     -12.628      11.656
x73            0.5260     10.469      0.050      0.960     -19.992      21.044
x74            0.5689     13.792      0.041      0.967     -26.462      27.600
x75            0.3460     18.232      0.019      0.985     -35.387      36.080
x76            0.3802     12.889      0.029      0.976     -24.882      25.642
x77           -0.2931      1.180     -0.248      0.804      -2.606       2.020
x78            0.0457      5.647      0.008      0.994     -11.022      11.113
x79            0.2294     62.586      0.004      0.997    -122.437     122.896
x80            0.1180     38.060      0.003      0.998     -74.479      74.715
x81           -0.0811     34.152     -0.002      0.998     -67.017      66.855
x82           -0.2728     48.771     -0.006      0.996     -95.861      95.316
x83            0.2181     56.082      0.004      0.997    -109.701     110.138
x84           -0.7795     17.397     -0.045      0.964     -34.877      33.318
x85            0.2464     28.416      0.009      0.993     -55.448      55.941
x86            0.0897    299.583      0.000      1.000    -587.081     587.261
x87            0.1409     14.133      0.010      0.992     -27.559      27.841
x88            0.1073     53.801      0.002      0.998    -105.341     105.556
x89           -0.1320     34.635     -0.004      0.997     -68.016      67.752
x90            0.0620     17.792      0.003      0.997     -34.810      34.934
x91            0.1632     13.844      0.012      0.991     -26.971      27.298
x92            0.0376    119.726      0.000      1.000    -234.620     234.695
x93           -0.0796     77.997     -0.001      0.999    -152.950     152.791
x94            0.1026     23.271      0.004      0.996     -45.509      45.714
x95            0.1094    113.554      0.001      0.999    -222.452     222.671
x96           -0.1499     71.880     -0.002      0.998    -141.031     140.732
x97           -0.0045    101.327   -4.4e-05      1.000    -198.602     198.593
x98           -0.2104    122.034     -0.002      0.999    -239.393     238.973
x99            0.2051     23.670      0.009      0.993     -46.187      46.598
x100           0.0311     37.420      0.001      0.999     -73.310      73.372
x101          -0.0172    420.691  -4.09e-05      1.000    -824.556     824.521
x102          -0.0066    310.325  -2.13e-05      1.000    -608.233     608.220
x103          -0.1212    298.008     -0.000      1.000    -584.207     583.965
x104           0.3414     65.588      0.005      0.996    -128.208     128.891
x105          -0.0806     22.653     -0.004      0.997     -44.479      44.318
x106          -0.2431    374.724     -0.001      0.999    -734.689     734.202
x107          -0.0833     64.187     -0.001      0.999    -125.888     125.721
x108           0.0406    110.874      0.000      1.000    -217.268     217.349
x109           0.0008     74.680   1.07e-05      1.000    -146.369     146.371
x110           0.0183     28.353      0.001      0.999     -55.554      55.590
x111           0.1073    179.238      0.001      1.000    -351.192     351.407
x112          -0.3437    145.330     -0.002      0.998    -285.185     284.497
x113          -0.1234    162.614     -0.001      0.999    -318.840     318.593
x114           0.0511     78.187      0.001      0.999    -153.192     153.294
x115           0.0430    325.998      0.000      1.000    -638.900     638.986
x116           0.1099    238.798      0.000      1.000    -467.926     468.146
x117           0.2739    195.244      0.001      0.999    -382.397     382.945
x118          -0.1353    209.342     -0.001      0.999    -410.438     410.167
x119          -0.0246     20.880     -0.001      0.999     -40.949      40.900
x120           0.0027     17.882      0.000      1.000     -35.045      35.051
x121           0.0235    197.072      0.000      1.000    -386.230     386.277
x122          -0.2767     17.857     -0.015      0.988     -35.276      34.723
x123           0.0115    645.309   1.78e-05      1.000   -1264.771    1264.794
x124           0.0698    326.428      0.000      1.000    -639.717     639.857
x125           0.0418    125.909      0.000      1.000    -246.736     246.819
x126           0.0438    949.679   4.61e-05      1.000   -1861.292    1861.380
x127          -0.1550    612.605     -0.000      1.000   -1200.839    1200.529
x128           0.0418    191.533      0.000      1.000    -375.357     375.440
x129          -0.0464    434.811     -0.000      1.000    -852.261     852.168
x130           0.0307    312.982    9.8e-05      1.000    -613.404     613.465
x131           0.0735     65.533      0.001      0.999    -128.369     128.516
x132          -0.0146    151.539  -9.64e-05      1.000    -297.025     296.996
x133           0.0338    111.777      0.000      1.000    -219.046     219.113
x134          -0.0839     78.337     -0.001      0.999    -153.621     153.454
x135           0.0365    148.872      0.000      1.000    -291.747     291.820
x136          -0.0050     33.948     -0.000      1.000     -66.542      66.532
x137           0.0051     12.172      0.000      1.000     -23.852      23.863
x138          -0.0133    131.770     -0.000      1.000    -258.278     258.252
x139          -0.0053    111.158  -4.78e-05      1.000    -217.870     217.860
x140          -0.0235     56.919     -0.000      1.000    -111.583     111.536
x141          -0.0213    145.224     -0.000      1.000    -284.655     284.612
x142           0.0280     41.677      0.001      0.999     -81.658      81.714
x143           0.0437    104.886      0.000      1.000    -205.529     205.616
x144           0.0178     63.120      0.000      1.000    -123.695     123.731
x145          -0.0018     77.942  -2.34e-05      1.000    -152.766     152.762
x146           0.0081    288.650   2.79e-05      1.000    -565.735     565.751
x147           0.0079     20.841      0.000      1.000     -40.840      40.856
x148          -0.0060    290.741  -2.05e-05      1.000    -569.847     569.835
x149          -0.0070     60.762     -0.000      1.000    -119.098     119.084
x150           0.0023    333.030   6.87e-06      1.000    -652.724     652.729
x151          -0.0011    181.320   -5.9e-06      1.000    -355.381     355.379
x152           0.0010   1.12e+04   8.76e-08      1.000    -2.2e+04     2.2e+04
x153           0.0006   4457.562   1.38e-07      1.000   -8736.661    8736.662
x154          -0.0017    339.655   -5.1e-06      1.000    -665.714     665.711
x155          -0.0011   1058.129  -1.02e-06      1.000   -2073.896    2073.894
x156          -0.0082     92.678  -8.88e-05      1.000    -181.653     181.637
x157           0.0007    919.918   8.12e-07      1.000   -1803.005    1803.007
x158          -0.0006    228.269  -2.56e-06      1.000    -447.399     447.398
x159        6.925e-05   6.86e+04   1.01e-09      1.000   -1.34e+05    1.34e+05
x160        3.982e-05   4.49e+04   8.86e-10      1.000   -8.81e+04    8.81e+04
x161       -6.224e-06   2.73e+06  -2.28e-12      1.000   -5.36e+06    5.36e+06
x162       -9.806e-06   6.68e+05  -1.47e-11      1.000   -1.31e+06    1.31e+06
x163       -1.032e-06   3.44e+05     -3e-12      1.000   -6.74e+05    6.74e+05
x164       -1.157e-06   8.08e+06  -1.43e-13      1.000   -1.58e+07    1.58e+07
x165       -5.681e-07    4.3e+05  -1.32e-12      1.000   -8.44e+05    8.44e+05
x166       -4.089e-14   7.07e+14  -5.79e-29      1.000   -1.38e+15    1.38e+15
x167        1.654e-15      1e+15   1.65e-30      1.000   -1.96e+15    1.96e+15
x168       -4.649e-17   7.97e+14  -5.83e-32      1.000   -1.56e+15    1.56e+15
x169         3.08e-17   5.08e+14   6.06e-32      1.000   -9.97e+14    9.97e+14
x170        9.146e-16   2.43e+14   3.76e-30      1.000   -4.76e+14    4.76e+14
==============================================================================

Possibly complete quasi-separation: A fraction 0.39 of observations can be
perfectly predicted. This might indicate that there is complete
quasi-separation. In this case some parameters will not be identified.