const    0.000000e+00
0        4.503600e+15
1        2.732018e+00
2        3.263728e+00
3        4.868756e+13
4        2.251800e+15
5        8.509929e+01
6        2.635948e+00
7        5.324393e+03
8        2.285745e+02
9        1.976016e+02
10       4.283634e+03
11       2.181967e+01
12       2.295572e+01
13       4.414793e+06
14       3.270851e+00
15       1.146422e+02
16       1.984976e+02
17       2.487183e+02
18       2.106249e+02
19       8.373636e+01
20       8.536475e+01
21       1.139813e+10
22       1.515422e+10
23       9.462517e+09
24       1.286743e+15
25       1.380600e+04
26       1.329379e+04
27       1.139447e+10
28       1.515267e+10
29       9.462765e+09
30       4.503600e+15
31       1.381708e+04
32       1.330383e+04
33       1.808506e+04
34       3.884107e+03
35       1.031519e+02
36       1.332346e+04
37       8.484235e+01
38       8.497261e+01
39       5.219839e+02
40       3.729848e+03
41       2.551161e+02
42       2.018652e+03
43       2.529275e+02
44       2.487591e+02
45       2.507779e+03
46       5.148675e+03
47       2.497947e+02
48       3.295528e+03
49       2.602637e+02
50       2.561149e+02
51       9.317100e+01
52       4.456776e+01
53       2.512126e+01
54       1.003550e+02
55       3.132797e+01
56       3.212488e+01
57       5.483356e+08
58       8.055852e+08
59       7.653541e+09
60       2.649176e+14
61       4.284899e+03
62       4.196760e+03
63       5.481720e+08
64       8.057537e+08
65       7.651181e+09
66       2.649176e+14
67       4.288110e+03
68       4.198624e+03
69       3.267217e+01
70       6.546975e+02
71       8.043277e+03
72       1.577600e+05
73       1.393005e+02
74       1.394124e+02
75       4.614884e+02
76       3.637611e+03
77       2.179180e+04
78       1.176367e+04
79       3.349488e+02
80       3.377383e+02
81       5.442139e+02
82       3.152351e+03
83       2.149493e+04
84       1.173446e+04
85       3.326355e+02
86       3.352830e+02
87       3.955408e+01
88       5.799412e+01
89       9.736991e+01
90       1.008442e+02
91       1.051789e+02
92       1.059648e+02
93       3.265044e+02
94       1.467210e+01
95       3.036091e+01
96       2.800323e+02
97       1.773487e+01
98       1.812639e+01
99       2.088530e+02
100      1.890315e+03
101      2.248910e+01
102      1.230733e+03
103      4.413078e+01
104      4.440494e+01
105      8.447656e+01
106      2.648655e+01
107      1.710208e+01
108      6.672923e+01
109      2.344195e+01
110      2.315009e+01
111      3.775287e+01
112      5.256231e+01
113      1.448686e+01
114      4.749934e+01
115      1.159106e+02
116      1.165168e+02
117      7.664211e+01
118      8.924717e+00
119      2.446292e+01
120      7.597567e+01
121      4.543590e+01
122      4.543376e+01
123      4.412965e+01
124      2.629122e+01
125      2.380610e+01
126      4.653240e+01
127      3.081152e+01
128      3.071422e+01
129      1.862950e+01
130      3.581008e+01
131      4.081771e+02
132      2.597422e+02
133      8.348953e+01
134      8.414461e+01
135      1.023392e+03
136      8.369500e+01
137      6.551080e+01
138      8.417779e+02
139      7.835077e+01
140      7.916055e+01
141      8.003040e+00
142      1.443072e+01
143      5.292780e+01
144      4.580615e+01
145      1.133577e+02
146      1.129433e+02
147      3.996121e+01
148      8.025378e+01
149      2.778780e+01
150      7.640462e+01
151      5.366918e+02
152      5.376407e+02
153      7.348205e+00
154      2.542570e+01
155      2.703730e+01
156      2.109586e+01
157      1.335916e+02
158      1.334584e+02
159      3.907109e+00
160      1.766131e+01
161      5.093146e+01
162      1.849289e+01
163      1.046127e+02
164      1.046372e+02
165               inf
166      5.203936e+03
167      4.740631e+14
168      3.816610e+13
169      5.270245e+03
170      2.344076e+02