const    4.321167e+00
0        1.515528e+02
1        2.708498e+00
2        3.240588e+00
3        8.750366e+01
4        4.415380e+06
5        8.428652e+01
6        2.630342e+00
7        5.584780e+03
8        2.295606e+02
9        2.078734e+02
10       4.489654e+03
11       2.161655e+01
12       2.267576e+01
13       4.415198e+06
14       3.270485e+00
15       1.145579e+02
16       1.991821e+02
17       2.486756e+02
18       2.105129e+02
19       8.477703e+01
20       8.640953e+01
21       1.396021e+10
22       1.878719e+10
23       9.483139e+09
24                inf
25       1.355234e+04
26       1.303429e+04
27       1.395571e+10
28       1.878480e+10
29       9.483199e+09
30                inf
31       1.356244e+04
32       1.304392e+04
33       2.220293e+04
34       4.989421e+03
35       1.913740e+02
36                inf
37       8.493381e+01
38       8.506860e+01
39       5.102916e+02
40       3.817264e+03
41       2.623396e+02
42       2.051798e+03
43       2.511958e+02
44       2.475310e+02
45       2.578204e+03
46       5.357036e+03
47       2.532446e+02
48       3.415254e+03
49       2.585963e+02
50       2.549478e+02
51       9.414077e+01
52       4.460562e+01
53       2.504047e+01
54       1.015092e+02
55       3.136893e+01
56       3.216821e+01
57       5.502455e+08
58       8.103640e+08
59       7.709769e+09
60                inf
61       4.341470e+03
62       4.252911e+03
63       5.500922e+08
64       8.105460e+08
65       7.711445e+09
66                inf
67       4.344960e+03
68       4.255050e+03
69       3.284006e+01
70       6.617582e+02
71       8.095708e+03
72                inf
73       1.405635e+02
74       1.406648e+02
75       4.586207e+02
76       3.989636e+03
77       2.413703e+04
78       1.300953e+04
79       3.382287e+02
80       3.410041e+02
81       5.377838e+02
82       3.207094e+03
83       2.191532e+04
84       1.195370e+04
85       3.359507e+02
86       3.385863e+02
87       4.147110e+01
88       5.853742e+01
89       9.788100e+01
90       1.028861e+02
91       1.066128e+02
92       1.073980e+02
93       3.432430e+02
94       1.480605e+01
95       3.020629e+01
96       2.940972e+02
97       1.774196e+01
98       1.812994e+01
99       2.106323e+02
100      1.525181e+03
101      2.236693e+01
102      1.221146e+03
103      4.418867e+01
104      4.446126e+01
105      9.738633e+01
106      2.857048e+01
107      1.711220e+01
108      7.607623e+01
109      2.346536e+01
110      2.317413e+01
111      3.849147e+01
112      5.306878e+01
113      1.448474e+01
114      4.840727e+01
115      1.161320e+02
116      1.167360e+02
117      9.038749e+01
118      9.332372e+00
119      2.477444e+01
120      8.747488e+01
121      4.542464e+01
122      4.542206e+01
123      4.448754e+01
124      2.617159e+01
125      2.369142e+01
126      4.687450e+01
127      3.085321e+01
128      3.075633e+01
129      1.869426e+01
130      3.585644e+01
131      4.089074e+02
132      2.602966e+02
133      8.453261e+01
134      8.518968e+01
135      1.031476e+03
136      8.431650e+01
137      6.679315e+01
138      8.484040e+02
139      7.937485e+01
140      8.018032e+01
141      8.039644e+00
142      1.454277e+01
143      5.368986e+01
144      4.655835e+01
145      1.150091e+02
146      1.145950e+02
147      4.029100e+01
148      8.071540e+01
149      2.798153e+01
150      7.686676e+01
151      5.434265e+02
152      5.443683e+02
153      7.534526e+00
154      2.566684e+01
155      2.734679e+01
156      2.149780e+01
157      1.354709e+02
158      1.353384e+02
159      3.902579e+00
160      1.766565e+01
161      5.103286e+01
162      1.853167e+01
163      1.060750e+02
164      1.060982e+02