                            OLS Regression Results                            
==============================================================================
Dep. Variable:                  class   R-squared:                       0.201
Model:                            OLS   Adj. R-squared:                  0.199
Method:                 Least Squares   F-statistic:                     111.3
Date:                  日, 17  1月 2021   Prob (F-statistic):               0.00
Time:                        21:14:58   Log-Likelihood:                -4457.9
No. Observations:               46044   AIC:                             9126.
Df Residuals:                   45939   BIC:                         1.004e+04
Df Model:                         104                                         
Covariance Type:            nonrobust                                         
==============================================================================
                 coef    std err          t      P>|t|      [0.025      0.975]
------------------------------------------------------------------------------
const          0.0987      0.001     79.367      0.000       0.096       0.101
x1            -0.0115      0.000    -40.994      0.000      -0.012      -0.011
x2            -0.0035      0.000     -9.916      0.000      -0.004      -0.003
x3            -0.0061      0.000    -14.511      0.000      -0.007      -0.005
x4             0.0014      0.000      3.011      0.003       0.000       0.002
x5             0.0049      0.000     10.611      0.000       0.004       0.006
x6             0.0124      0.000     24.946      0.000       0.011       0.013
x7            -0.0044      0.001     -8.591      0.000      -0.005      -0.003
x8             0.0102      0.001     17.267      0.000       0.009       0.011
x9             0.0174      0.001     27.283      0.000       0.016       0.019
x10            0.0049      0.001      7.519      0.000       0.004       0.006
x11            0.0092      0.001     14.048      0.000       0.008       0.011
x12           -0.0163      0.001    -23.785      0.000      -0.018      -0.015
x13           -0.0071      0.001     -9.490      0.000      -0.009      -0.006
x14           -0.0058      0.001     -7.768      0.000      -0.007      -0.004
x15           -0.0044      0.001     -5.681      0.000      -0.006      -0.003
x16           -0.0074      0.001     -9.647      0.000      -0.009      -0.006
x17            0.0380      0.001     45.215      0.000       0.036       0.040
x18            0.0059      0.001      6.860      0.000       0.004       0.008
x19            0.0069      0.001      7.865      0.000       0.005       0.009
x20            0.0248      0.001     27.069      0.000       0.023       0.027
x21            0.0043      0.001      4.661      0.000       0.003       0.006
x22           -0.0015      0.001     -1.650      0.099      -0.003       0.000
x23           -0.0077      0.001     -8.065      0.000      -0.010      -0.006
x24           -0.0109      0.001    -11.181      0.000      -0.013      -0.009
x25            0.0081      0.001      8.254      0.000       0.006       0.010
x26           -0.0103      0.001    -10.173      0.000      -0.012      -0.008
x27           -0.0111      0.001    -10.885      0.000      -0.013      -0.009
x28            0.0279      0.001     27.125      0.000       0.026       0.030
x29           -0.0017      0.001     -1.663      0.096      -0.004       0.000
x30           -0.0043      0.001     -4.043      0.000      -0.006      -0.002
x31            0.0037      0.001      3.389      0.001       0.002       0.006
x32            0.0093      0.001      8.293      0.000       0.007       0.011
x33           -0.0161      0.001    -14.187      0.000      -0.018      -0.014
x34           -0.0075      0.001     -6.352      0.000      -0.010      -0.005
x35            0.0082      0.001      6.830      0.000       0.006       0.010
x36            0.0025      0.001      2.071      0.038       0.000       0.005
x37           -0.0075      0.001     -6.008      0.000      -0.010      -0.005
x38           -0.0143      0.001    -11.350      0.000      -0.017      -0.012
x39           -0.0060      0.001     -4.698      0.000      -0.009      -0.004
x40            0.0068      0.001      5.298      0.000       0.004       0.009
x41           -0.0027      0.001     -2.048      0.041      -0.005      -0.000
x42           -0.0153      0.001    -11.447      0.000      -0.018      -0.013
x43           -0.0157      0.001    -11.709      0.000      -0.018      -0.013
x44            0.0084      0.001      6.131      0.000       0.006       0.011
x45           -0.0024      0.001     -1.782      0.075      -0.005       0.000
x46           -0.0196      0.001    -13.629      0.000      -0.022      -0.017
x47           -0.0102      0.001     -7.015      0.000      -0.013      -0.007
x48           -0.0105      0.002     -6.859      0.000      -0.013      -0.007
x49           -0.0028      0.002     -1.791      0.073      -0.006       0.000
x50            0.0126      0.002      7.897      0.000       0.009       0.016
x51           -0.0057      0.002     -3.515      0.000      -0.009      -0.003
x52            0.0040      0.002      2.427      0.015       0.001       0.007
x53           -0.0097      0.002     -5.628      0.000      -0.013      -0.006
x54            0.0072      0.002      4.056      0.000       0.004       0.011
x55           -0.0118      0.002     -6.229      0.000      -0.016      -0.008
x56           -0.0138      0.002     -7.052      0.000      -0.018      -0.010
x57            0.0142      0.002      7.091      0.000       0.010       0.018
x58            0.0152      0.002      7.407      0.000       0.011       0.019
x59           -0.0041      0.002     -1.919      0.055      -0.008    8.73e-05
x60            0.0053      0.002      2.252      0.024       0.001       0.010
x61            0.0276      0.003     11.029      0.000       0.023       0.033
x62           -0.0153      0.003     -5.343      0.000      -0.021      -0.010
x63            0.0114      0.003      3.381      0.001       0.005       0.018
x64            0.0095      0.004      2.551      0.011       0.002       0.017
x65            0.0162      0.004      4.096      0.000       0.008       0.024
x66            0.0095      0.005      1.844      0.065      -0.001       0.020
x67            0.0157      0.005      2.888      0.004       0.005       0.026
x68           -0.0888      0.006    -15.552      0.000      -0.100      -0.078
x69           -0.0320      0.006     -5.137      0.000      -0.044      -0.020
x70           -0.0222      0.008     -2.903      0.004      -0.037      -0.007
x71            0.0199      0.008      2.547      0.011       0.005       0.035
x72           -0.0205      0.008     -2.542      0.011      -0.036      -0.005
x73           -0.0284      0.008     -3.389      0.001      -0.045      -0.012
x74            0.0190      0.009      2.102      0.036       0.001       0.037
x75            0.0223      0.010      2.327      0.020       0.004       0.041
x76           -0.0243      0.010     -2.511      0.012      -0.043      -0.005
x77           -0.0200      0.010     -2.020      0.043      -0.039      -0.001
x78            0.0189      0.010      1.862      0.063      -0.001       0.039
x79            0.0612      0.011      5.814      0.000       0.041       0.082
x80           -0.0489      0.011     -4.290      0.000      -0.071      -0.027
x81           -0.0512      0.013     -4.070      0.000      -0.076      -0.027
x82           -0.0695      0.013     -5.413      0.000      -0.095      -0.044
x83            0.0246      0.013      1.907      0.056      -0.001       0.050
x84            0.1189      0.013      9.099      0.000       0.093       0.144
x85            0.0432      0.014      3.177      0.001       0.017       0.070
x86           -0.0397      0.014     -2.873      0.004      -0.067      -0.013
x87            0.0350      0.014      2.483      0.013       0.007       0.063
x88           -0.0264      0.014     -1.826      0.068      -0.055       0.002
x89           -0.0319      0.015     -2.158      0.031      -0.061      -0.003
x90            0.0750      0.015      4.931      0.000       0.045       0.105
x91           -0.0740      0.016     -4.774      0.000      -0.104      -0.044
x92            0.1017      0.016      6.376      0.000       0.070       0.133
x93           -0.0621      0.017     -3.756      0.000      -0.095      -0.030
x94           -0.1151      0.017     -6.632      0.000      -0.149      -0.081
x95            0.0295      0.018      1.681      0.093      -0.005       0.064
x96           -0.0752      0.018     -4.263      0.000      -0.110      -0.041
x97           -0.0775      0.018     -4.333      0.000      -0.113      -0.042
x98           -0.0627      0.019     -3.372      0.001      -0.099      -0.026
x99           -0.0713      0.023     -3.066      0.002      -0.117      -0.026
x100          -0.0511      0.025     -2.036      0.042      -0.100      -0.002
x101           0.0657      0.028      2.349      0.019       0.011       0.121
x102          -0.0737      0.032     -2.293      0.022      -0.137      -0.011
x103           0.0670      0.033      2.021      0.043       0.002       0.132
x104          -0.6379      0.285     -2.237      0.025      -1.197      -0.079
==============================================================================
Omnibus:                    15965.279   Durbin-Watson:                   1.710
Prob(Omnibus):                  0.000   Jarque-Bera (JB):            46615.424
Skew:                           1.860   Prob(JB):                         0.00
Kurtosis:                       6.234   Cond. No.                     1.02e+03
==============================================================================

Notes:
[1] Standard Errors assume that the covariance matrix of the errors is correctly specified.
[2] The condition number is large, 1.02e+03. This might indicate that there are
strong multicollinearity or other numerical problems.